253,459 
254,459 
255,459 
255,458 
255,457 
255,456 
255,455 
255,454 
255,453 
255,452 
255,451 
255,450 
255,449 
255,448 
255,447 
255,446 
255,445 
255,444 
255,443 
255,442 
255,441 
255,440 
255,439 
255,438 
255,437 
255,436 
255,435 
255,434 
255,433 
255,432 
255,431 
255,430 
255,429 
256,429 
257,429 
258,429 
259,429 
260,429 
261,429 
262,429 
263,429 
264,429 
265,429 
266,429 
267,429 
268,429 
269,429 
270,429 
271,429 
272,429 
273,429 
274,429 
275,429 
276,429 
277,429 
278,429 
279,429 
280,429 
281,429 
282,429 
282,428 
282,427 
282,426 
282,425 
282,424 
282,423 
282,422 
282,421 
282,420 
282,419 
282,418 
282,417 
282,416 
282,415 
282,414 
282,413 
282,412 
282,411 
282,410 
282,409 
282,408 
282,407 
282,406 
282,405 
282,404 
282,403 
282,402 
282,401 
282,400 
282,399 
282,398 
282,397 
282,396 
282,395 
282,394 
282,393 
282,392 
282,391 
282,390 
282,389 
282,388 
282,387 
282,386 
282,385 
282,384 
282,383 
282,382 
282,381 
282,380 
282,379 
282,378 
282,377 
282,376 
282,375 
282,374 
282,373 
282,372 
282,371 
282,370 
282,369 
282,368 
282,367 
282,366 
282,365 
282,364 
282,363 
282,362 
282,361 
282,360 
282,359 
282,358 
282,357 
282,356 
282,355 
282,354 
282,353 
282,352 
282,351 
282,350 
282,349 
282,348 
282,347 
282,346 
282,345 
282,344 
282,343 
282,342 
282,341 
282,340 
282,339 
282,338 
282,337 
282,336 
282,335 
282,334 
282,333 
282,332 
282,331 
282,330 
282,329 
282,328 
282,327 
282,326 
282,325 
282,324 
282,323 
282,322 
282,321 
282,320 
282,319 
282,318 
282,317 
282,316 
282,315 
282,314 
282,313 
282,312 
282,311 
282,310 
282,309 
282,308 
282,307 
282,306 
282,305 
282,304 
282,303 
282,302 
282,301 
282,300 
282,299 
282,298 
282,297 
282,296 
282,295 
282,294 
282,293 
282,292 
282,291 
282,290 
282,289 
282,288 
282,287 
282,286 
282,285 
282,284 
282,283 
282,282 
282,281 
282,280 
282,279 
282,278 
282,277 
282,276 
282,275 
282,274 
282,273 
282,272 
282,271 
282,270 
282,269 
282,268 
282,267 
282,266 
282,265 
282,264 
282,263 
282,262 
282,261 
282,260 
282,259 
282,258 
282,257 
282,256 
282,255 
282,254 
282,253 
282,252 
282,251 
282,250 
282,249 
282,248 
282,247 
282,246 
282,245 
282,244 
282,243 
282,242 
282,241 
282,240 
282,239 
282,238 
282,237 
282,236 
282,235 
282,234 
282,233 
282,232 
282,231 
282,230 
282,229 
282,228 
282,227 
282,226 
282,225 
282,224 
282,223 
282,222 
282,221 
282,220 
282,219 
282,218 
282,217 
282,216 
282,215 
282,214 
282,213 
282,212 
282,211 
282,210 
282,209 
282,208 
282,207 
282,206 
282,205 
282,204 
282,203 
282,202 
282,201 
282,200 
282,199 
282,198 
282,197 
282,196 
282,195 
282,194 
282,193 
282,192 
282,191 
282,190 
282,189 
282,188 
282,187 
282,186 
282,185 
282,184 
282,183 
282,182 
282,181 
282,180 
282,179 
282,178 
282,177 
282,176 
282,175 
282,174 
282,173 
282,172 
282,171 
282,170 
282,169 
282,168 
282,167 
282,166 
282,165 
282,164 
282,163 
282,162 
282,161 
282,160 
282,159 
282,158 
282,157 
282,156 
282,155 
282,154 
282,153 
282,152 
282,151 
282,150 
282,149 
282,148 
282,147 
282,146 
282,145 
282,144 
282,143 
282,142 
282,141 
282,140 
282,139 
282,138 
282,137 
282,136 
282,135 
282,134 
282,133 
282,132 
282,131 
282,130 
282,129 
282,128 
282,127 
282,126 
282,125 
282,124 
282,123 
282,122 
282,121 
282,120 
282,119 
282,118 
282,117 
282,116 
282,115 
282,114 
282,113 
282,112 
281,112 
280,112 
279,112 
278,112 
277,112 
276,112 
275,112 
274,112 
273,112 
272,112 
271,112 
270,112 
269,112 
268,112 
267,112 
266,112 
265,112 
264,112 
263,112 
262,112 
261,112 
260,112 
259,112 
258,112 
257,112 
256,112 
255,112 
254,112 
253,112 
252,112 
251,112 
250,112 
249,112 
248,112 
247,112 
246,112 
245,112 
244,112 
243,112 
242,112 
241,112 
240,112 
239,112 
238,112 
237,112 
236,112 
235,112 
234,112 
233,112 
232,112 
231,112 
230,112 
229,112 
228,112 
227,112 
226,112 
225,112 
224,112 
223,112 
222,112 
221,112 
220,112 
219,112 
218,112 
217,112 
216,112 
215,112 
214,112 
213,112 
212,112 
212,111 
212,110 
212,109 
212,108 
212,107 
212,106 
212,105 
212,104 
212,103 
212,102 
212,101 
212,100 
212,99 
212,98 
212,97 
212,96 
212,95 
212,94 
212,93 
212,92 
212,91 
212,90 
212,89 
212,88 
212,87 
212,86 
212,85 
212,84 
212,83 
212,82 
212,81 
212,80 
212,79 
212,78 
212,77 
212,76 
212,75 
212,74 
212,73 
212,72 
212,71 
212,70 
212,69 
212,68 
212,67 
212,66 
212,65 
212,64 
212,63 
212,62 
212,61 
212,60 
212,59 
211,59 
210,59 
210,58 
210,57 
210,56 
210,55 
210,54 
210,53 
210,52 
210,51 
210,50 
210,49 
210,48 
210,47 
210,46 
210,45 
